0
84
0 0
2 4
3 7
6 9
7 10
9 11
10 12
13 13
14 14
16 15
19 17
20 18
22 19
25 21
30 22
32 24
33 26
37 27
40 30
41 31
43 32
46 34
47 35
50 36
51 37
53 38
58 39
61 41
62 42
65 43
66 44
67 45
70 47
71 48
74 49
79 50
81 52
83 55
87 56
89 58
92 60
93 61
95 62
98 64
99 65
100 66
104 67
108 68
112 69
113 71
115 73
116 75
118 77
121 79
126 80
128 82
130 84
131 85
133 86
135 88
138 90
139 91
141 92
143 95
146 97
147 98
150 99
151 100
154 101
159 102
163 103
165 105
166 107
168 109
171 111
172 112
175 113
176 114
178 115
182 116
186 117
189 119
190 120
193 123
